idx	label	predict	radius	correct	time
0	0	-1	0.0	0	0:57:57.107459
1000	20	20	0.751	1	0:56:55.729410
2000	40	-1	0.0	0	0:56:55.409544
3000	60	62	1.54	0	0:56:56.160204
4000	80	80	3.2	1	0:56:53.587275
5000	100	100	3.11	1	0:56:54.421735
6000	120	-1	0.0	0	0:56:54.709900
7000	140	140	2.8	1	0:56:54.498474
8000	160	160	2.6	1	0:56:54.738014
9000	180	-1	0.0	0	0:56:55.210448
10000	200	200	0.247	1	0:56:54.595183
11000	220	220	0.875	1	0:56:54.413867
12000	240	238	0.962	0	0:56:54.511595
13000	260	260	2.49	1	0:56:54.848349
14000	280	280	1.52	1	0:56:55.847783
15000	300	300	3.2	1	0:56:54.256967
16000	320	320	2.4	1	0:56:53.542979
17000	340	340	3.2	1	0:56:56.478480
18000	360	360	0.291	1	0:56:53.924950
19000	380	380	1.18	1	0:56:54.804409
20000	400	400	1.05	1	0:56:55.507496
21000	420	-1	0.0	0	0:56:54.933828
22000	440	440	0.267	1	0:56:55.046659
23000	460	-1	0.0	0	0:56:54.021803
24000	480	-1	0.0	0	0:56:56.497422
25000	500	500	2.07	1	0:56:55.186785
26000	520	520	1.62	1	0:56:55.258675
27000	540	540	3.2	1	0:56:54.636142
28000	560	560	3.2	1	0:56:56.188410
29000	580	580	0.447	1	0:56:56.163265
30000	600	600	0.204	1	0:56:55.329061
31000	620	681	0.996	0	0:56:55.763081
32000	640	640	2.28	1	0:56:54.982313
33000	660	660	2.09	1	0:56:54.841012
34000	680	-1	0.0	0	0:56:52.225067
35000	700	700	1.39	1	0:56:55.250962
36000	720	720	2.29	1	0:56:54.632079
37000	740	-1	0.0	0	0:56:55.349066
38000	760	-1	0.0	0	0:56:54.122598
39000	780	484	0.348	0	0:56:53.756671
40000	800	800	3.2	1	0:56:56.288523
41000	820	-1	0.0	0	0:56:54.746680
42000	840	840	0.227	1	0:56:53.886931
43000	860	-1	0.0	0	0:56:54.670296
44000	880	880	2.35	1	0:56:53.886173
45000	900	900	3.2	1	0:56:52.681274
46000	920	-1	0.0	0	0:56:52.781046
47000	940	-1	0.0	0	0:56:53.654995
48000	960	-1	0.0	0	0:56:55.801563
49000	980	980	2.94	1	0:56:53.133371
