idx	label	predict	radius	correct	time
0	0	-1	0.0	0	0:57:56.480825
1000	20	20	0.75	1	0:56:54.652961
2000	40	-1	0.0	0	0:56:54.994924
3000	60	62	1.42	0	0:56:55.138834
4000	80	80	3.2	1	0:56:52.525646
5000	100	100	3.2	1	0:56:53.717874
6000	120	-1	0.0	0	0:56:52.659644
7000	140	140	2.86	1	0:56:53.822744
8000	160	160	2.73	1	0:56:53.933566
9000	180	-1	0.0	0	0:56:55.511502
10000	200	200	0.234	1	0:56:53.716633
11000	220	220	0.939	1	0:56:53.937798
12000	240	238	0.87	0	0:56:54.224409
13000	260	260	2.62	1	0:56:54.897334
14000	280	280	1.52	1	0:56:54.614681
15000	300	300	3.2	1	0:56:54.567744
16000	320	320	2.37	1	0:56:52.931228
17000	340	340	3.2	1	0:56:55.325562
18000	360	360	0.301	1	0:56:53.014580
19000	380	380	1.22	1	0:56:54.453857
20000	400	400	1.02	1	0:56:55.829190
21000	420	-1	0.0	0	0:56:54.943603
22000	440	440	0.318	1	0:56:54.317271
23000	460	-1	0.0	0	0:56:53.656269
24000	480	-1	0.0	0	0:56:55.528495
25000	500	500	2.02	1	0:56:53.352590
26000	520	520	1.66	1	0:56:54.303371
27000	540	540	3.2	1	0:56:53.610458
28000	560	560	2.97	1	0:56:54.760324
29000	580	580	0.438	1	0:56:55.220960
30000	600	600	0.184	1	0:56:53.371439
31000	620	681	1.04	0	0:56:54.848173
32000	640	640	2.3	1	0:56:54.181869
33000	660	660	2.04	1	0:56:54.833837
34000	680	-1	0.0	0	0:56:52.656461
35000	700	700	1.35	1	0:56:53.616905
36000	720	720	2.28	1	0:56:53.940804
37000	740	-1	0.0	0	0:56:55.097090
38000	760	-1	0.0	0	0:56:54.060476
39000	780	484	0.372	0	0:56:53.803198
40000	800	800	3.2	1	0:56:56.092080
41000	820	-1	0.0	0	0:56:53.281004
42000	840	840	0.234	1	0:56:55.055108
43000	860	-1	0.0	0	0:56:55.479429
44000	880	880	2.35	1	0:56:54.594656
45000	900	900	3.2	1	0:56:54.440557
46000	920	-1	0.0	0	0:56:53.084214
47000	940	-1	0.0	0	0:56:53.895355
48000	960	-1	0.0	0	0:56:55.834125
49000	980	980	2.84	1	0:56:52.880401
