idx	label	predict	radius	correct	time
0	0	-1	0.0	0	0:14:51.176852
1000	20	20	1.38	1	0:13:52.206660
2000	40	-1	0.0	0	0:13:51.430409
3000	60	62	2.65	0	0:13:51.565829
4000	80	80	3.2	1	0:13:50.662929
5000	100	100	3.2	1	0:13:51.009329
6000	120	-1	0.0	0	0:13:50.809614
7000	140	140	3.2	1	0:13:51.001448
8000	160	160	2.94	1	0:13:51.211430
9000	180	179	0.161	0	0:13:50.964742
10000	200	200	0.503	1	0:13:50.932452
11000	220	213	0.0256	0	0:13:51.098897
12000	240	238	2.08	0	0:13:50.810226
13000	260	260	3.2	1	0:13:50.994734
14000	280	280	2.31	1	0:13:51.111857
15000	300	300	3.2	1	0:13:50.887140
16000	320	320	2.32	1	0:13:50.771200
17000	340	340	3.2	1	0:13:51.571655
18000	360	360	0.257	1	0:13:50.948283
19000	380	380	1.56	1	0:13:51.280622
20000	400	400	0.854	1	0:13:51.566733
21000	420	-1	0.0	0	0:13:51.471981
22000	440	440	0.252	1	0:13:51.204820
23000	460	978	0.374	0	0:13:50.945761
24000	480	624	0.247	0	0:13:51.587230
25000	500	500	2.0	1	0:13:51.090132
26000	520	520	1.74	1	0:13:51.119683
27000	540	540	3.2	1	0:13:50.926163
28000	560	560	3.2	1	0:13:51.588193
29000	580	580	1.57	1	0:13:51.530088
30000	600	600	0.721	1	0:13:51.778650
31000	620	681	1.12	0	0:13:52.059369
32000	640	640	1.89	1	0:13:51.326347
33000	660	660	2.33	1	0:13:51.483420
34000	680	-1	0.0	0	0:13:50.559061
35000	700	700	1.53	1	0:13:51.163728
36000	720	720	3.2	1	0:13:51.752727
37000	740	-1	0.0	0	0:13:51.905741
38000	760	894	0.119	0	0:13:51.404095
39000	780	484	0.519	0	0:13:50.433454
40000	800	800	3.2	1	0:13:51.580736
41000	820	-1	0.0	0	0:13:51.052140
42000	840	840	0.335	1	0:13:51.157008
43000	860	-1	0.0	0	0:13:51.726504
44000	880	880	2.71	1	0:13:51.462918
45000	900	900	3.2	1	0:13:51.130972
46000	920	-1	0.0	0	0:13:51.156234
47000	940	-1	0.0	0	0:13:51.360393
48000	960	-1	0.0	0	0:13:51.775213
49000	980	980	3.2	1	0:13:50.719271
